45
4
3
1400	1300	700	1200	1100	800	900	1100	1300	1200	1000	1500	900	1400	1000	800	800	0	1100	600	1000	700	650	400	950	500	1200	1000	850	950	1100	600	900	600	800	1000	900	500	1100	700	700	1000	800	1200	1300
10	10	8	9	9	8	9	8	9	9	9	10	9	10	8	6	7	7	8	9	7	8	8	6	7	7	8	7	7	7	4	2	4	2	3	4	4	1	4	4	2	3	3	3	5
1	1	1	1	2	1	2	2	1	1	4	1	1	1	1	4	2	3	1	1	2	2	1	1	2	4	4	1	2	2	1	1	1	1	4	1	2	1	4	1	1	2	2	1	1
50	70	35	45	15	10	10	30	60	20	100	40	25	50	25	15	15	30	60	12	20	10	12	10	20	10	40	35	8	25	20	8	12	5	12	25	15	6	30	12	5	20	10	18	8
0	0	0	0	0	0	0	0	0	0	0	0	0	0	0	0	0	0	0	0	0	0	0	0	0	0	0	0	0	0	1	1	1	1	1	1	1	1	1	1	1	1	1	1	1
0	0	0	0	0	0	0	0	0	0	0	0	0	0	0	1	1	1	1	1	1	1	1	1	1	1	1	1	1	1	0	0	0	0	0	0	0	0	0	0	0	0	0	0	0
1	1	1	1	1	1	1	1	1	1	1	1	1	1	1	0	0	0	0	0	0	0	0	0	0	0	0	0	0	0	0	0	0	0	0	0	0	0	0	0	0	0	0	0	0
